Num  Device   minor   CSR   i-vect. o-vect. cntrl blk
--- --------  ----- ------- ------- ------- ---------
 0. CONSOLE     0   0177560 0000060 0000064  0120732
 1. ETHER       0   0174440 0000400 0000400  0123126
 2. NETWORK     0   0000000 0000000 0000000  0000000
 3. DGRAM1      0   0000000 0000000 0000000  0123246
 4. DGRAM2      1   0000000 0000000 0000000  0123270
 5. DGRAM3      2   0000000 0000000 0000000  0123312
 6. DGRAM4      3   0000000 0000000 0000000  0123334
 7. RFILSYS     0   0000000 0000000 0000000  0000000
 8. RFILE1      0   0000000 0000000 0000000  0123362
 9. RFILE2      1   0000000 0000000 0000000  0123516
10. RFILE3      2   0000000 0000000 0000000  0123652
11. RFILE4      3   0000000 0000000 0000000  0124006
12. NAMESPACE   0   0000000 0000000 0000000  0000000
